     11    12    13    14    15    16    17    18    19    20
     21    22    23    24    61    62    63    64    65    66
     67    68    73    75    81    83
 
 
  Nodal coordinates:                                                              Reaction:
  Node    1 nj= 1 (x     )       0.1116E+03  0.2087E+00  0.6429E+00  0.0000E+00  -0.1239E+02  0.1310E+03 -0.2599E+02  0.2938E+03
                                 0.0000E+00  0.0000E+00  0.0000E+00  0.0000E+00   0.1121E+00 -0.1519E+02  0.1137E+01 -0.3835E+02
            nj= 2 (y     )       0.1130E+03 -0.3872E-01  0.7660E+00  0.0000E+00  -0.5600E+01  0.4583E+02  0.1781E+01  0.1263E+02
                                 0.0000E+00  0.0000E+00  0.0000E+00  0.0000E+00  -0.7722E+00  0.6249E+01 -0.2499E+01  0.1510E+02
            nj= 3 (z     )       0.5250E+03  0.9772E+00  0.0000E+00  0.0000E+00   0.4234E+01 -0.3090E+02  0.6439E+01 -0.5251E+02
                                 0.0000E+00  0.0000E+00  0.0000E+00  0.0000E+00   0.4238E-01  0.3954E+01  0.1188E+00  0.6240E+01
            nj= 4 (fibre )      -0.5790E+00
            nj= 5 (imbric)      -0.3351E+00
            nj= 6 (sheet )       0.7793E+00
  Node    2 nj= 1 (x     )       0.1120E+03  0.2663E+00  0.8027E+00 -0.2107E-01  -0.3907E+03  0.2453E+04 -0.3307E+03  0.1737E+04
                                 0.1852E-01  0.0000E+00  0.0000E+00  0.0000E+00   0.6303E+03 -0.3962E+04  0.4699E+03 -0.2506E+04
            nj= 2 (y     )       0.1232E+03 -0.2237E+00  0.5959E+00 -0.6628E-02   0.5933E+03 -0.3366E+04  0.1471E+04 -0.8640E+04
                                 0.9998E+00  0.0000E+00  0.0000E+00  0.0000E+00  -0.8058E+03  0.4549E+04 -0.1986E+04  0.1171E+05
            nj= 3 (z     )       0.5243E+03  0.9376E+00  0.2258E-01 -0.1244E-01   0.2039E+03 -0.3829E+03  0.5325E+03 -0.9988E+03
                                 0.0000E+00  0.0000E+00  0.0000E+00  0.0000E+00  -0.3398E+03  0.5870E+03 -0.8866E+03  0.1542E+04
            nj= 4 (fibre )      -0.5076E+00
            nj= 5 (imbric)      -0.5772E+00
            nj= 6 (sheet )       0.8685E+00
  Node    3 nj= 1 (x     )       0.1287E+03  0.1613E-01  0.9671E+00 -0.2967E-01   0.3025E+03 -0.1977E+04  0.4790E+03 -0.2928E+04
                                 0.1198E+00  0.0000E+00  0.0000E+00  0.0000E+00  -0.1135E+04  0.7346E+04 -0.1501E+04  0.9273E+04
            nj= 2 (y     )       0.1295E+03 -0.2165E+00 -0.2346E+00  0.1576E-01   0.8224E+03 -0.5238E+04 -0.1368E+04  0.8434E+04
                                 0.9928E+00  0.0000E+00  0.0000E+00  0.0000E+00  -0.2438E+04  0.1559E+05  0.4066E+04 -0.2518E+05
            nj= 3 (z     )       0.5239E+03  0.9762E+00 -0.9784E-01  0.1089E-02   0.2546E+03 -0.3417E+03 -0.5112E+03  0.8299E+03
                                 0.0000E+00  0.0000E+00  0.0000E+00  0.0000E+00  -0.9486E+03  0.1179E+04  0.1886E+04 -0.2820E+04
            nj= 4 (fibre )       0.4246E+00
            nj= 5 (imbric)      -0.6774E+00
            nj= 6 (sheet )       0.8532E+00
  Node    4 nj= 1 (x     )[ 1]   0.1336E+03 -0.1104E+00  0.2333E+00  0.2807E-02   0.1865E+03 -0.1204E+04 -0.2389E+03  0.1520E+04
                                 0.0000E+00  0.0000E+00  0.0000E+00  0.0000E+00   0.1127E+02 -0.7015E+02 -0.1552E+02  0.9547E+02
  Node    4 nj= 1 (x     )[ 2]   0.1336E+03 -0.1104E+00 -0.2333E+00 -0.2807E-02   0.1330E+03 -0.8347E+03 -0.2685E+03  0.1681E+04
                                 0.0000E+00  0.0000E+00  0.0000E+00  0.0000E+00  -0.2898E+02  0.1822E+03  0.5772E+02 -0.3615E+03
            nj= 2 (y     )[ 1]   0.1191E+03  0.6295E-01  0.9677E+00 -0.2501E-01  -0.8620E+02  0.5497E+03  0.1662E+03 -0.1105E+04
                                 0.0000E+00  0.0000E+00  0.0000E+00  0.0000E+00   0.3509E+01 -0.2781E+02 -0.7221E+01  0.5346E+02
            nj= 2 (y     )[ 2]   0.1191E+03  0.6295E-01 -0.9677E+00  0.2501E-01   0.6099E+02 -0.4565E+03 -0.1831E+03  0.1299E+04
                                 0.0000E+00  0.0000E+00  0.0000E+00  0.0000E+00  -0.1168E+02  0.8839E+02  0.3520E+02 -0.2508E+03
            nj= 3 (z     )[ 1]   0.5232E+03  0.9919E+00  0.9512E-01  0.3327E-02   0.5960E+02 -0.3041E+03 -0.9683E+02  0.4239E+03
                                 0.0000E+00  0.0000E+00  0.0000E+00  0.0000E+00   0.4030E+01 -0.9644E+01 -0.7858E+01  0.1467E+02
            nj= 3 (z     )[ 2]   0.5232E+03  0.9919E+00 -0.9512E-01 -0.3327E-02   0.2692E+02 -0.1281E+03 -0.5992E+02  0.2245E+03
                                 0.0000E+00  0.0000E+00  0.0000E+00  0.0000E+00  -0.6195E+01  0.2828E+02  0.1408E+02 -0.4978E+02
            nj= 4 (fibre )       0.3723E+00
            nj= 5 (imbric)      -0.4064E+00
            nj= 6 (sheet )       0.8401E+00
  Node    5 nj= 1 (x     )       0.1270E+03 -0.4372E-01  0.9914E+00 -0.2413E-01   0.5774E+03 -0.3656E+04  0.3353E+03 -0.2292E+04
                                 0.1198E+00  0.0000E+00  0.0000E+00  0.0000E+00   0.1315E+04 -0.8364E+04  0.4325E+03 -0.3126E+04
            nj= 2 (y     )       0.1144E+03  0.1798E+00  0.1104E+00  0.1339E-02  -0.8556E+03  0.5252E+04  0.1159E+04 -0.6766E+04
                                 0.9928E+00  0.0000E+00  0.0000E+00  0.0000E+00   0.7219E+03 -0.4870E+04 -0.1075E+04  0.6860E+04
            nj= 3 (z     )       0.5236E+03  0.9827E+00 -0.7015E-01 -0.2444E-02   0.5364E+03 -0.9531E+03 -0.7879E+03  0.1217E+04
                                 0.0000E+00  0.0000E+00  0.0000E+00  0.0000E+00   0.1028E+04 -0.5008E+03 -0.1634E+04  0.1062E+04
            nj= 4 (fibre )      -0.7553E-01
            nj= 5 (imbric)      -0.7119E+00
            nj= 6 (sheet )       0.9468E+00
  Node    6 nj= 1 (x     )       0.1104E+03  0.2051E+00  0.7053E+00 -0.7248E-01  -0.5996E+03  0.4059E+04 -0.1686E+03  0.1197E+04
                                 0.1852E-01  0.0000E+00  0.0000E+00  0.0000E+00  -0.5675E+03  0.4097E+04 -0.8242E+02  0.6960E+03
            nj= 2 (y     )       0.1165E+03  0.1328E+00 -0.7081E+00  0.6280E-03  -0.6668E+03  0.4422E+04 -0.1323E+04  0.8296E+04
                                 0.9998E+00  0.0000E+00  0.0000E+00  0.0000E+00   0.2663E+03 -0.1519E+04  0.5049E+03 -0.3357E+04
            nj= 3 (z     )       0.5248E+03  0.9697E+00 -0.3407E-01  0.3110E-02   0.3687E+03 -0.6807E+03  0.7839E+03 -0.1619E+04
                                 0.0000E+00  0.0000E+00  0.0000E+00  0.0000E+00   0.3187E+03 -0.1422E+03  0.7024E+03 -0.6103E+03
            nj= 4 (fibre )      -0.5660E+00
            nj= 5 (imbric)      -0.5308E+00
            nj= 6 (sheet )       0.8234E+00
  Node    7 nj= 1 (x     )       0.8975E+02  0.2023E+00  0.6131E+00 -0.1317E-01  -0.2559E+03  0.1709E+04  0.1112E+03 -0.3883E+03
                                -0.2259E+00  0.0000E+00  0.0000E+00  0.0000E+00  -0.5902E+03  0.3976E+04 -0.5853E+02  0.9448E+03
            nj= 2 (y     )       0.1013E+03 -0.2355E+00 -0.7836E+00 -0.1660E-01  -0.1976E+03  0.1417E+04 -0.2238E+03  0.1700E+04
                                 0.9742E+00  0.0000E+00  0.0000E+00  0.0000E+00   0.1270E+03 -0.5253E+03  0.3205E+03 -0.1702E+04
            nj= 3 (z     )       0.5234E+03  0.9506E+00  0.1000E+00  0.1512E-01   0.1344E+03 -0.2937E+03  0.1071E+03  0.2798E+03
                                 0.0000E+00  0.0000E+00  0.0000E+00  0.0000E+00   0.4799E+03 -0.1399E+04  0.5655E+03 -0.6918E+03
            nj= 4 (fibre )       0.2749E+00
            nj= 5 (imbric)      -0.7234E+00
            nj= 6 (sheet )       0.7721E+00
  Node    8 nj= 1 (x     )[ 1]   0.8510E+02  0.3021E+00 -0.1747E-01 -0.2779E-01  -0.3954E+02  0.2401E+03 -0.6780E+02  0.4138E+03
                                 0.0000E+00  0.0000E+00  0.0000E+00  0.0000E+00  -0.8480E+00  0.6886E+01 -0.1311E+01  0.1187E+02
  Node    8 nj= 1 (x     )[ 2]   0.8510E+02  0.3021E+00  0.1747E-01  0.2779E-01  -0.8888E+01  0.6762E+02 -0.9517E+01  0.7728E+02
                                 0.0000E+00  0.0000E+00  0.0000E+00  0.0000E+00   0.2116E+01 -0.1578E+02  0.2233E+01 -0.1776E+02
            nj= 2 (y     )[ 1]   0.1107E+03 -0.7718E-01 -0.9783E+00 -0.1200E-01  -0.1655E+02  0.1116E+03 -0.3497E+02  0.2323E+03
                                 0.0000E+00  0.0000E+00  0.0000E+00  0.0000E+00   0.5565E+00 -0.2591E+01  0.1422E+01 -0.7028E+01
            nj= 2 (y     )[ 2]   0.1107E+03 -0.7718E-01  0.9783E+00  0.1200E-01   0.8964E+01 -0.4825E+02  0.1535E+02 -0.8609E+02
                                 0.0000E+00  0.0000E+00  0.0000E+00  0.0000E+00  -0.1724E+01  0.9048E+01 -0.2989E+01  0.1648E+02
            nj= 3 (z     )[ 1]   0.5236E+03  0.9502E+00  0.2067E+00  0.1598E-01   0.1221E+02 -0.6140E+02  0.2140E+02 -0.9650E+02
                                 0.0000E+00  0.0000E+00  0.0000E+00  0.0000E+00   0.8111E+00 -0.2897E+01  0.1782E+01 -0.5364E+01
            nj= 3 (z     )[ 2]   0.5236E+03  0.9502E+00 -0.2067E+00 -0.1598E-01   0.5644E+01 -0.3112E+02  0.7944E+01 -0.4114E+02
                                 0.0000E+00  0.0000E+00  0.0000E+00  0.0000E+00  -0.1307E+01  0.6964E+01 -0.1818E+01  0.8989E+01
            nj= 4 (fibre )       0.2553E+00
            nj= 5 (imbric)      -0.5888E+00
            nj= 6 (sheet )       0.8665E+00
  Node    9 nj= 1 (x     )       0.8843E+02  0.3426E+00  0.6805E+00  0.5624E-02  -0.1752E+03  0.1146E+04 -0.9958E+02  0.7240E+03
                                -0.2259E+00  0.0000E+00  0.0000E+00  0.0000E+00   0.6428E+03 -0.4219E+04  0.3110E+03 -0.2390E+04
            nj= 2 (y     )       0.1169E+03 -0.2320E+00  0.7177E+00 -0.8455E-02   0.1707E+03 -0.1017E+04  0.2558E+03 -0.1562E+04
                                 0.9742E+00  0.0000E+00  0.0000E+00  0.0000E+00  -0.5109E+03  0.3002E+04 -0.7816E+03  0.4754E+04
            nj= 3 (z     )       0.5221E+03  0.9104E+00  0.1478E+00  0.1065E-01   0.1477E+03 -0.5846E+03  0.1776E+03 -0.5481E+03
                                 0.0000E+00  0.0000E+00  0.0000E+00  0.0000E+00  -0.5320E+03  0.1999E+04 -0.6247E+03  0.1722E+04
            nj= 4 (fibre )      -0.3220E+00
            nj= 5 (imbric)      -0.8203E+00
            nj= 6 (sheet )       0.9351E+00
  Node   10 nj= 1 (x     )       0.9858E+02  0.1721E+00  0.9969E+00 -0.3018E-01   0.1990E+01 -0.2952E+02  0.1220E+03 -0.8621E+03
                                -0.2720E-01  0.0000E+00  0.2283E-01  0.0000E+00  -0.1455E+03  0.8714E+03 -0.5292E+03  0.3673E+04
            nj= 2 (y     )       0.1237E+03 -0.3047E+00 -0.5473E-01 -0.2124E-02   0.2450E+03 -0.1514E+04 -0.2207E+03  0.1298E+04
                                 0.9138E+00  0.0000E+00 -0.6732E-01  0.0000E+00  -0.9113E+03  0.5649E+04  0.8134E+03 -0.4696E+04
            nj= 3 (z     )       0.5226E+03  0.9368E+00 -0.5613E-01 -0.2373E-02   0.1194E+03 -0.3149E+03 -0.1725E+03  0.5175E+03
                                 0.4052E+00  0.0000E+00 -0.6255E-01  0.0000E+00  -0.4865E+03  0.1042E+04  0.7310E+03 -0.1965E+04
            nj= 4 (fibre )      -0.3760E+00
            nj= 5 (imbric)      -0.9707E+00
            nj= 6 (sheet )       0.1087E+01
  Node   11 nj= 1 (x     )       0.1061E+03 -0.3190E+00  0.5223E+00 -0.2022E+00   0.7367E+02 -0.5463E+03 -0.2857E+03  0.2084E+04
                                -0.4088E+00  0.0000E+00 -0.3112E+00  0.0000E+00   0.2335E+01  0.1894E+02 -0.3186E+02  0.7174E+02
            nj= 2 (y     )       0.1239E+03  0.4407E+00  0.8494E+00  0.1223E+00   0.4044E+01 -0.5317E+02  0.2076E+02 -0.3001E+02
                                 0.2693E+00  0.0000E+00 -0.1861E+00  0.0000E+00   0.4162E+01 -0.7460E+02 -0.2289E+01  0.1005E+03
            nj= 3 (z     )       0.5233E+03  0.8390E+00 -0.7602E-01 -0.2497E-01   0.6548E+01 -0.1674E+02 -0.2087E+02  0.3614E+02
                                 0.8720E+00  0.0000E+00  0.3856E+00  0.0000E+00   0.2263E+01 -0.2146E+02 -0.1001E+00  0.1509E+02
            nj= 4 (fibre )      -0.5767E+00
            nj= 5 (imbric)      -0.8178E+00
            nj= 6 (sheet )       0.1084E+01
  Node   12 nj= 1 (x     )       0.9757E+02 -0.1211E+00  0.3754E+00 -0.5168E-01   0.4264E+03 -0.2813E+04  0.1295E+03 -0.1150E+04
                                 0.2278E+00  0.0000E+00 -0.2798E-02  0.0000E+00   0.6128E+03 -0.3671E+04  0.9507E+03 -0.4653E+04
            nj= 2 (y     )       0.1062E+03 -0.2598E+00  0.9268E+00 -0.7041E-02  -0.2049E+03  0.1555E+04  0.3401E+03 -0.2855E+04
                                 0.6714E+00  0.0000E+00 -0.1678E-01  0.0000E+00   0.3235E+03 -0.2172E+04 -0.6923E+03  0.2981E+04
            nj= 3 (z     )       0.5240E+03  0.9580E+00 -0.6986E-02 -0.2946E-02   0.5568E+02  0.2910E+03 -0.1403E+03 -0.3709E+03
                                -0.7052E+00  0.0000E+00  0.7921E-01  0.0000E+00   0.3318E+03  0.1478E+03 -0.9661E+03  0.1373E+04
            nj= 4 (fibre )      -0.2128E+00
            nj= 5 (imbric)      -0.8925E+00
            nj= 6 (sheet )       0.9981E+00
  Node   13 nj= 1 (x     )       0.9281E+02  0.4817E+00  0.9425E+00  0.2344E-01   0.4566E+03  0.2656E+04  0.4923E+03  0.2977E+04
                                -0.1820E+00  0.0000E+00 -0.5762E-02  0.0000E+00   0.8300E+03  0.3917E+04  0.3217E+03  0.5720E+04
            nj= 2 (y     )       0.1063E+03  0.7591E-01  0.3334E+00  0.2048E-01  -0.2261E+03 -0.1833E+04  0.5740E+03  0.5087E+04
                                 0.9803E+00  0.0000E+00  0.3995E-01  0.0000E+00   0.8647E+03  0.3421E+04 -0.1202E+04  0.3801E+03
            nj= 3 (z     )       0.4871E+03  0.8730E+00  0.2253E-01 -0.9051E-02  -0.3769E+03 -0.3881E+03  0.1470E+03  0.2959E+03
                                 0.7624E-01  0.0000E+00 -0.2864E-02  0.0000E+00  -0.1141E+04 -0.9456E+03  0.8637E+03 -0.7565E+03
            nj= 4 (fibre )      -0.3275E-01
            nj= 5 (imbric)      -0.8122E+00
            nj= 6 (sheet )       0.9494E+00
  Node   14 nj= 1 (x     )       0.7951E+02  0.3478E+00  0.8988E+00 -0.1042E-01  -0.3047E+03 -0.2108E+04  0.1532E+02 -0.2979E+03
                                -0.1965E+00  0.0000E+00  0.3828E-01  0.0000E+00  -0.6556E+03 -0.5537E+04 -0.1141E+03 -0.1914E+04
            nj= 2 (y     )       0.1073E+03  0.1896E-01 -0.4223E+00  0.1150E-01  -0.2615E+03 -0.1617E+04 -0.2860E+03 -0.2394E+04
                                 0.9801E+00  0.0000E+00  0.1100E+00  0.0000E+00   0.1410E+03  0.3767E+03  0.5411E+03  0.1403E+04
            nj= 3 (z     )       0.4882E+03  0.9374E+00 -0.1177E+00  0.3133E-02  -0.4231E+02  0.3993E+03 -0.2518E+03 -0.1923E+03
                                 0.2964E-01  0.0000E+00  0.1549E-01  0.0000E+00  -0.3164E+02  0.1226E+04 -0.5986E+03  0.8917E+03
            nj= 4 (fibre )       0.4606E+00
            nj= 5 (imbric)      -0.6716E+00
            nj= 6 (sheet )       0.7472E+00
  Node   15 nj= 1 (x     )[ 1]   0.7342E+02  0.3256E+00  0.1684E+00  0.6784E-02  -0.4890E+02 -0.1935E+03 -0.5252E+02 -0.5288E+03
                                 0.0000E+00  0.0000E+00  0.0000E+00  0.0000E+00   0.1102E+01 -0.2725E+02  0.5513E+01 -0.7938E+02
  Node   15 nj= 1 (x     )[ 2]   0.7342E+02  0.3256E+00 -0.1684E+00 -0.6784E-02  -0.7128E+01 -0.1667E+03  0.5611E+01 -0.4150E+03
                                 0.0000E+00  0.0000E+00  0.0000E+00  0.0000E+00   0.1176E+01  0.3962E+02 -0.1639E+01  0.9606E+02
            nj= 2 (y     )[ 1]   0.1146E+03 -0.1456E+00 -0.9844E+00  0.1403E-01  -0.2291E+02 -0.1139E+03 -0.3404E+02 -0.3058E+03
                                 0.0000E+00  0.0000E+00  0.0000E+00  0.0000E+00  -0.3469E+00  0.8892E+01  0.2323E+01 -0.5132E+01
            nj= 2 (y     )[ 2]   0.1146E+03 -0.1456E+00  0.9844E+00 -0.1403E-01   0.1089E+02  0.1171E+02  0.3071E+02  0.1681E+02
                                 0.0000E+00  0.0000E+00  0.0000E+00  0.0000E+00  -0.4600E+00 -0.1363E+02 -0.4642E+01 -0.1149E+02
            nj= 3 (z     )[ 1]   0.4887E+03  0.9342E+00  0.5032E-01 -0.3668E-02  -0.2641E+01  0.1793E+03  0.2470E+02 -0.8694E+01
                                 0.0000E+00  0.0000E+00  0.0000E+00  0.0000E+00   0.2447E+01 -0.1138E+02  0.8404E+01 -0.6111E+02
            nj= 3 (z     )[ 2]   0.4887E+03  0.9342E+00 -0.5032E-01  0.3668E-02   0.1788E+02 -0.6235E+02  0.5503E+02 -0.2926E+03
                                 0.0000E+00  0.0000E+00  0.0000E+00  0.0000E+00  -0.3456E+01  0.5483E+01 -0.1070E+02  0.5205E+02
            nj= 4 (fibre )       0.3057E+00
            nj= 5 (imbric)      -0.6289E+00
            nj= 6 (sheet )       0.9323E+00
  Node   16 nj= 1 (x     )       0.7625E+02  0.2825E+00  0.6081E+00 -0.1060E-02  -0.1776E+03 -0.1393E+04 -0.1164E+03 -0.9859E+03
                                -0.1822E+00  0.0000E+00 -0.6307E-01  0.0000E+00   0.7443E+03  0.5518E+04  0.4332E+03  0.3727E+04
            nj= 2 (y     )       0.1242E+03 -0.1604E+00  0.7931E+00  0.3815E-02   0.1978E+03  0.1111E+04  0.3715E+03  0.2184E+04
                                 0.9832E+00  0.0000E+00  0.8632E-01  0.0000E+00  -0.6357E+03 -0.3657E+04 -0.1293E+04 -0.7052E+04
            nj= 3 (z     )       0.4884E+03  0.9458E+00  0.3605E-01 -0.9009E-03   0.8325E+02  0.3956E+03 -0.5710E+01  0.6377E+03
                                 0.8745E-02  0.0000E+00  0.6693E-02  0.0000E+00  -0.2044E+03 -0.1796E+04  0.1745E+03 -0.2261E+04
            nj= 4 (fibre )      -0.2213E+00
            nj= 5 (imbric)      -0.7817E+00
            nj= 6 (sheet )       0.9289E+00
  Node   17 nj= 1 (x     )       0.8864E+02  0.3158E+00  0.9982E+00 -0.1203E-02   0.3536E+02 -0.1058E+03  0.1367E+03  0.1278E+04
                                -0.1438E+00  0.0000E+00  0.1388E-01  0.0000E+00  -0.2995E+03 -0.7361E+03 -0.8051E+03 -0.6876E+04
            nj= 2 (y     )       0.1309E+03 -0.1197E+00  0.4143E-01 -0.1063E-01   0.3148E+03  0.1885E+04 -0.3690E+03 -0.1696E+04
                                 0.9870E+00  0.0000E+00 -0.4243E-01  0.0000E+00  -0.1610E+04 -0.9481E+04  0.1836E+04  0.7231E+04
            nj= 3 (z     )       0.4891E+03  0.9413E+00  0.4369E-01 -0.4400E-02  -0.1388E+02  0.4929E+02  0.1250E+02 -0.5335E+03
                                 0.7165E-01  0.0000E+00  0.1227E-02  0.0000E+00   0.3883E+03 -0.2440E+03 -0.2528E+03  0.3237E+04
            nj= 4 (fibre )      -0.3155E+00
            nj= 5 (imbric)      -0.8958E+00
            nj= 6 (sheet )       0.1080E+01
  Node   18 nj= 1 (x     )       0.1030E+03  0.2353E+00  0.8311E+00 -0.4224E-02   0.1281E+03  0.7581E+03 -0.4578E+03 -0.2850E+04
                                -0.2689E+00  0.0000E+00  0.6951E-01  0.0000E+00   0.2480E+01 -0.7203E+02 -0.1057E+03  0.2116E+03
            nj= 2 (y     )       0.1298E+03 -0.4213E+00  0.5554E+00  0.4593E-01   0.1177E+02  0.2497E+03 -0.1012E+03 -0.4579E+03
                                 0.7089E+00  0.0000E+00  0.7871E-01  0.0000E+00   0.5254E+02 -0.3180E+03 -0.7593E+02  0.7496E+03
            nj= 3 (z     )       0.4884E+03  0.8759E+00 -0.2865E-01 -0.4194E-02   0.9328E+01 -0.1479E+03  0.1182E+03  0.2136E+03
                                 0.6521E+00  0.0000E+00 -0.9300E-01  0.0000E+00  -0.1536E+03  0.5660E+03  0.2317E+03 -0.1352E+04
            nj= 4 (fibre )      -0.6848E+00
            nj= 5 (imbric)      -0.7326E+00
            nj= 6 (sheet )       0.1039E+01
  Node   19 nj= 1 (x     )       0.1001E+03  0.4568E-01  0.7261E+00  0.6873E-03  -0.4602E+02 -0.3139E+03 -0.6397E+02 -0.1060E+04
                                 0.3165E+00  0.0000E+00 -0.5623E-02  0.0000E+00  -0.8138E+02  0.7613E+03  0.1266E+03 -0.2420E+03
            nj= 2 (y     )       0.1077E+03  0.6443E-01  0.6288E+00  0.3865E-01   0.1197E+02 -0.6344E+02 -0.6198E+00 -0.2976E+03
                                 0.6041E+00  0.0000E+00 -0.2565E-01  0.0000E+00   0.4150E+02  0.1659E+03  0.4800E+02 -0.5709E+03
            nj= 3 (z     )       0.4899E+03  0.9969E+00  0.2782E+00  0.2325E-01  -0.4101E+02  0.2816E+03 -0.8199E+02  0.4353E+03
                                -0.7313E+00  0.0000E+00  0.6378E-01  0.0000E+00  -0.9494E+01  0.2104E+03 -0.1531E+03  0.9122E+03
            nj= 4 (fibre )      -0.2259E+00
            nj= 5 (imbric)      -0.6077E+00
            nj= 6 (sheet )       0.9560E+00
  Node   20 nj= 1 (x     )       0.1109E+03 -0.2766E+00  0.9004E+00  0.2018E-01  -0.6053E+03 -0.3261E+04 -0.3629E+03 -0.1148E+04
                                -0.1242E+00  0.0000E+00  0.4956E-01  0.0000E+00   0.3460E+04  0.1872E+05  0.2034E+04  0.5824E+04
            nj= 2 (y     )       0.1324E+03 -0.2270E+00  0.3488E+00  0.2294E-01   0.5446E+03  0.3946E+04  0.1396E+04  0.9722E+04
                                 0.9357E+00  0.0000E+00 -0.4512E-01  0.0000E+00  -0.2612E+04 -0.1858E+05 -0.6729E+04 -0.4683E+05
            nj= 3 (z     )       0.4914E+03  0.9338E+00 -0.2600E+00 -0.1899E-01  -0.2206E+03 -0.7238E+02 -0.3759E+03  0.8111E+03
                                -0.3303E+00  0.0000E+00 -0.3395E-01  0.0000E+00   0.1449E+04  0.6377E+03  0.2291E+04 -0.3767E+04
            nj= 4 (fibre )      -0.1384E+00
            nj= 5 (imbric)      -0.6892E+00
            nj= 6 (sheet )       0.8743E+00
  Node   21 nj= 1 (x     )       0.1285E+03 -0.1119E+00  0.9114E+00  0.4321E-03   0.2827E+03  0.2698E+04  0.7058E+03  0.3251E+04
                                -0.9581E-01  0.0000E+00  0.0000E+00  0.0000E+00  -0.1500E+04 -0.1362E+05 -0.3330E+04 -0.1521E+05
            nj= 2 (y     )       0.1321E+03  0.4715E-01 -0.3926E+00  0.4134E-02   0.9150E+03  0.6020E+04 -0.1534E+04 -0.1097E+05
                                 0.9954E+00  0.0000E+00  0.0000E+00  0.0000E+00  -0.3875E+04 -0.2523E+05  0.6549E+04  0.4726E+05
            nj= 3 (z     )       0.4872E+03  0.9926E+00 -0.1235E+00 -0.2275E-02  -0.2327E+03  0.1401E+03  0.4505E+03 -0.6403E+03
                                 0.0000E+00  0.0000E+00  0.0000E+00  0.0000E+00   0.1323E+04 -0.4040E+03 -0.2429E+04  0.2907E+04
            nj= 4 (fibre )       0.5273E+00
            nj= 5 (imbric)      -0.7884E+00
            nj= 6 (sheet )       0.7513E+00
  Node   22 nj= 1 (x     )[ 1]   0.1422E+03 -0.3658E+00 -0.2085E+00 -0.1698E-01   0.2299E+03  0.1478E+04 -0.6458E+03 -0.3998E+04
                                 0.0000E+00  0.0000E+00  0.0000E+00  0.0000E+00   0.1025E+02  0.9224E+02 -0.3044E+02 -0.2888E+03
  Node   22 nj= 1 (x     )[ 2]   0.1422E+03 -0.3658E+00  0.2085E+00  0.1698E-01   0.1274E+03  0.9843E+03 -0.3862E+03 -0.2929E+04
                                 0.0000E+00  0.0000E+00  0.0000E+00  0.0000E+00  -0.2796E+02 -0.2193E+03  0.8188E+02  0.6610E+03
            nj= 2 (y     )[ 1]   0.1192E+03 -0.1322E+00  0.9760E+00 -0.4615E-02  -0.1255E+03 -0.7299E+03  0.5816E+03  0.3372E+04
                                 0.0000E+00  0.0000E+00  0.0000E+00  0.0000E+00   0.7731E+01  0.5113E+02 -0.3298E+02 -0.1796E+03
            nj= 2 (y     )[ 2]   0.1192E+03 -0.1322E+00 -0.9760E+00  0.4615E-02   0.1218E+03  0.7549E+03 -0.4968E+03 -0.2927E+04
                                 0.0000E+00  0.0000E+00  0.0000E+00  0.0000E+00  -0.2380E+02 -0.1484E+03  0.9642E+02  0.5676E+03
            nj= 3 (z     )[ 1]   0.4878E+03  0.9213E+00 -0.6318E-01 -0.3906E-02  -0.2006E+02  0.4406E+03  0.2063E+03 -0.1244E+04
                                 0.0000E+00  0.0000E+00  0.0000E+00  0.0000E+00  -0.5775E+01  0.1288E+01  0.3466E+02 -0.3117E+00
            nj= 3 (z     )[ 2]   0.4878E+03  0.9213E+00  0.6318E-01  0.3906E-02   0.1663E+02  0.1417E+03 -0.6695E+00 -0.2991E+03
                                 0.0000E+00  0.0000E+00  0.0000E+00  0.0000E+00  -0.2355E+01 -0.3003E+02 -0.5985E+01  0.5398E+02
            nj= 4 (fibre )       0.3061E+00
            nj= 5 (imbric)      -0.6138E+00
            nj= 6 (sheet )       0.9041E+00
  Node   23 nj= 1 (x     )       0.1267E+03  0.1167E+00  0.9695E+00 -0.2959E-01   0.5297E+03  0.4616E+04  0.7158E+03  0.2482E+04
                                -0.9581E-01  0.0000E+00  0.0000E+00  0.0000E+00   0.1471E+04  0.1503E+05  0.1990E+04  0.5413E+04
            nj= 2 (y     )       0.1109E+03 -0.6370E-01  0.2421E+00 -0.1540E-01  -0.7655E+03 -0.5032E+04  0.7160E+03  0.5611E+04
                                 0.9954E+00  0.0000E+00  0.0000E+00  0.0000E+00   0.1340E+04  0.7654E+04 -0.1740E+04 -0.1364E+05
            nj= 3 (z     )       0.4864E+03  0.9911E+00  0.3864E-01 -0.1101E-01  -0.5268E+03  0.7928E+03  0.4602E+03 -0.9500E+03
                                 0.0000E+00  0.0000E+00  0.0000E+00  0.0000E+00  -0.1991E+04  0.3045E+03  0.2424E+04 -0.1690E+04
            nj= 4 (fibre )      -0.9505E-01
            nj= 5 (imbric)      -0.8131E+00
            nj= 6 (sheet )       0.8653E+00
  Node   24 nj= 1 (x     )       0.1165E+03 -0.3644E+00  0.9909E+00 -0.4656E-01  -0.8466E+03 -0.4492E+04 -0.4428E+03 -0.4820E+03
                                -0.2598E+00  0.0000E+00 -0.1975E-01  0.0000E+00  -0.3643E+04 -0.1692E+05 -0.1715E+04 -0.1919E+04
            nj= 2 (y     )       0.1097E+03  0.1315E-01  0.1254E+00  0.7019E-02  -0.5559E+03 -0.4362E+04 -0.1076E+04 -0.8443E+04
                                 0.8379E+00  0.0000E+00  0.1175E-01  0.0000E+00   0.8181E+03  0.4598E+04  0.2344E+04  0.1382E+05
            nj= 3 (z     )       0.4879E+03  0.9311E+00 -0.4978E-01  0.2252E-01  -0.5076E+03  0.1630E+03 -0.5634E+03  0.1224E+04
                                 0.4801E+00  0.0000E+00 -0.2081E-02  0.0000E+00  -0.2245E+04 -0.1734E+04 -0.3134E+04  0.1693E+04
            nj= 4 (fibre )      -0.2832E+00
            nj= 5 (imbric)      -0.6830E+00
            nj= 6 (sheet )       0.8601E+00
  Node   61 nj= 1 (x     )       0.9617E+02  0.1920E+00  0.3700E+00  0.2400E-01   0.7965E+01  0.6932E+02 -0.9332E+00 -0.1831E+01
                                -0.1905E+00  0.0000E+00  0.0000E+00  0.0000E+00  -0.3258E+01 -0.1247E+02 -0.1082E+01  0.4945E+01
            nj= 2 (y     )       0.1383E+03 -0.1036E-01  0.7449E+00  0.1165E-01  -0.2045E+01  0.7548E+00  0.1454E+01  0.1062E+02
                                 0.9816E+00  0.0000E+00  0.0000E+00  0.0000E+00   0.2302E+01  0.3732E+02 -0.2580E+01 -0.1595E+02
            nj= 3 (z     )       0.1468E+03  0.9813E+00  0.5552E+00 -0.1723E-01   0.4619E+01  0.1566E+02  0.3063E+01  0.1480E+02
                                 0.1490E-01  0.0000E+00  0.0000E+00  0.0000E+00   0.2032E+02  0.1121E+03  0.8747E+01  0.3871E+02
            nj= 4 (fibre )      -0.3539E+00
            nj= 5 (imbric)      -0.8046E+00
            nj= 6 (sheet )       0.8252E+00
  Node   62 nj= 1 (x     )       0.9202E+02 -0.2136E-01  0.2792E+00  0.2289E-01   0.9390E+01  0.5367E+02  0.1116E+01  0.1470E+02
                                -0.2385E+00  0.0000E+00  0.0000E+00  0.0000E+00   0.6300E+00 -0.4146E+02  0.3910E+01  0.4069E+02
            nj= 2 (y     )       0.1361E+03 -0.3709E-01  0.1252E+00  0.5980E-02  -0.6539E+01 -0.4267E+02  0.7635E+01  0.5197E+02
                                 0.9687E+00  0.0000E+00  0.0000E+00  0.0000E+00   0.1867E+02  0.1601E+03  0.1339E+01  0.8816E+01
            nj= 3 (z     )       0.1419E+03  0.9991E+00  0.9520E+00 -0.2913E-01  -0.1172E+02 -0.8350E+02 -0.5291E+01 -0.3382E+02
                                -0.6874E-01  0.0000E+00  0.0000E+00  0.0000E+00  -0.9649E+01 -0.4227E+02 -0.7923E+01 -0.4550E+02
            nj= 4 (fibre )      -0.4394E+00
            nj= 5 (imbric)      -0.7378E+00
            nj= 6 (sheet )       0.1132E+01
  Node   63 nj= 1 (x     )       0.8640E+02  0.3642E-01  0.5919E+00 -0.1421E-02   0.3720E+01  0.3901E+02 -0.1195E+01 -0.2600E+02
                                -0.2776E+00  0.0000E+00  0.0000E+00  0.0000E+00  -0.4362E+01 -0.3287E+02  0.5635E+00 -0.1279E+02
            nj= 2 (y     )       0.1357E+03 -0.9112E-01  0.1587E+00 -0.6363E-02  -0.1472E+02 -0.9520E+02 -0.7562E+01 -0.5551E+02
                                 0.9506E+00  0.0000E+00  0.0000E+00  0.0000E+00   0.5445E+01  0.6210E+02  0.1456E+01  0.2085E+02
            nj= 3 (z     )       0.1394E+03  0.9952E+00 -0.7902E+00  0.3334E-01   0.2567E+01  0.4140E+02 -0.3452E+01 -0.3137E+02
                                -0.1393E+00  0.0000E+00  0.0000E+00  0.0000E+00   0.4570E+01  0.5858E+02  0.1251E+01  0.7305E+01
            nj= 4 (fibre )      -0.4241E+00
            nj= 5 (imbric)      -0.7301E+00
            nj= 6 (sheet )       0.9578E+00
  Node   64 nj= 1 (x     )       0.8472E+02  0.4368E-01  0.2403E+00  0.5850E-02  -0.5937E+01 -0.1943E+02  0.2701E+01  0.1140E+02
                                -0.2776E+00  0.0000E+00  0.0000E+00  0.0000E+00   0.3372E+01 -0.7760E+00 -0.1192E+01 -0.4474E+00
            nj= 2 (y     )       0.1400E+03  0.9252E-01  0.2641E+00  0.6884E-02   0.5582E+01  0.2922E+02 -0.4334E-01  0.1830E+01
                                 0.9506E+00  0.0000E+00  0.0000E+00  0.0000E+00  -0.3377E+01 -0.1226E+02 -0.8469E+00 -0.6800E+01
            nj= 3 (z     )       0.1408E+03  0.9948E+00 -0.9341E+00  0.4332E-01  -0.3555E+01 -0.9070E+01  0.4775E+01  0.3069E+02
                                -0.1393E+00  0.0000E+00  0.0000E+00  0.0000E+00  -0.1266E+01 -0.3212E+02 -0.2661E+01 -0.1511E+02
            nj= 4 (fibre )      -0.3314E+00
            nj= 5 (imbric)      -0.7171E+00
            nj= 6 (sheet )       0.8430E+00
  Node   65 nj= 1 (x     )       0.8718E+02  0.9643E-01  0.8309E+00  0.9334E-02  -0.1045E+01 -0.1327E+02  0.4422E+00 -0.3532E+01
                                -0.2385E+00  0.0000E+00  0.0000E+00  0.0000E+00  -0.6015E+00  0.6149E+01 -0.2715E+01 -0.1261E+02
            nj= 2 (y     )       0.1430E+03  0.3620E-01  0.3577E+00 -0.7733E-02   0.9193E+01  0.4242E+02 -0.6548E+00 -0.5546E+01
                                 0.9687E+00  0.0000E+00  0.0000E+00  0.0000E+00  -0.1361E+02 -0.4128E+02  0.6020E+00  0.9258E+01
            nj= 3 (z     )       0.1409E+03  0.9947E+00  0.4263E+00 -0.3119E-01  -0.8757E+01 -0.4684E+02 -0.1857E+01 -0.7902E+01
                                -0.6874E-01  0.0000E+00  0.0000E+00  0.0000E+00   0.1002E+02  0.3609E+02  0.4409E+01  0.2327E+02
            nj= 4 (fibre )      -0.2022E+00
            nj= 5 (imbric)      -0.7729E+00
            nj= 6 (sheet )       0.1033E+01
  Node   66 nj= 1 (x     )       0.9034E+02  0.9948E-01  0.8400E+00 -0.1785E-01   0.7095E+00  0.2841E+01 -0.6572E-01 -0.2520E+01
                                -0.2076E+00  0.0000E+00  0.0000E+00  0.0000E+00   0.5503E+00  0.1401E+02  0.3248E+01  0.3095E+02
            nj= 2 (y     )       0.1424E+03  0.5392E-01 -0.2557E+00  0.2395E-02   0.2325E+01  0.1071E+02  0.1035E+01  0.8761E+01
                                 0.9760E+00  0.0000E+00  0.0000E+00  0.0000E+00  -0.6587E+00  0.3658E+02  0.5199E+00 -0.7654E+01
            nj= 3 (z     )       0.1385E+03  0.9936E+00  0.4786E+00 -0.2526E-01   0.4337E+01  0.5155E+02  0.3596E+01  0.2827E+02
                                 0.6501E-01  0.0000E+00  0.0000E+00  0.0000E+00  -0.1053E+02 -0.1303E+03 -0.1129E+02 -0.8319E+02
            nj= 4 (fibre )       0.9483E-01
            nj= 5 (imbric)      -0.6869E+00
            nj= 6 (sheet )       0.8621E+00
  Node   67 nj= 1 (x     )       0.9415E+02  0.1178E+00  0.4320E+00  0.2560E-02  -0.4975E+00  0.3454E+00 -0.3252E+01 -0.1104E+02
                                -0.1905E+00  0.0000E+00  0.0000E+00  0.0000E+00   0.1438E+01  0.5602E+01  0.3009E+01  0.9686E+01
            nj= 2 (y     )       0.1402E+03  0.1122E+00 -0.1614E+00  0.4470E-03   0.4046E+01  0.3572E+02 -0.2477E+01 -0.9419E+01
                                 0.9816E+00  0.0000E+00  0.0000E+00  0.0000E+00  -0.5264E+00 -0.3105E+01  0.2146E+01  0.1112E+02
            nj= 3 (z     )       0.1434E+03  0.9867E+00  0.8873E+00 -0.2378E-01   0.8151E+01  0.4656E+02  0.5560E+01  0.2745E+02
                                 0.1490E-01  0.0000E+00  0.0000E+00  0.0000E+00  -0.1308E+02 -0.8402E+02 -0.5956E+01 -0.2926E+02
            nj= 4 (fibre )       0.1147E-01
            nj= 5 (imbric)      -0.7606E+00
            nj= 6 (sheet )       0.6880E+00
  Node   68 nj= 1 (x     )[ 1]   0.9566E+02  0.2145E+00 -0.6983E+00 -0.3485E-01   0.4275E+01  0.5683E+01 -0.1174E+01  0.2435E+01
                                 0.0000E+00  0.0000E+00  0.0000E+00  0.0000E+00  -0.2345E+00 -0.3389E+01  0.4040E+00  0.2664E+01
  Node   68 nj= 1 (x     )[ 2]   0.9566E+02  0.2145E+00  0.6983E+00  0.3485E-01   0.3287E+01  0.1070E+02 -0.7325E+00 -0.2914E+01
                                 0.0000E+00  0.0000E+00  0.0000E+00  0.0000E+00  -0.1402E+00  0.5013E-01 -0.4111E+00 -0.2290E+01
            nj= 2 (y     )[ 1]   0.1401E+03  0.5473E-01  0.4716E+00  0.3057E-01   0.2550E+01  0.9047E+00 -0.8024E+00  0.2979E+01
                                 0.0000E+00  0.0000E+00  0.0000E+00  0.0000E+00   0.2685E+00  0.1180E+01  0.1465E+00  0.8930E+00
            nj= 2 (y     )[ 2]   0.1401E+03  0.5473E-01 -0.4716E+00 -0.3057E-01   0.7009E+01  0.3785E+02 -0.4254E+01 -0.2220E+02
                                 0.0000E+00  0.0000E+00  0.0000E+00  0.0000E+00  -0.6119E+00 -0.3832E+01  0.1100E+00  0.4054E+00
            nj= 3 (z     )[ 1]   0.1481E+03  0.9752E+00 -0.5385E+00  0.1978E-01  -0.2160E+02 -0.9609E+02  0.7692E+01  0.3114E+02
                                 0.0000E+00  0.0000E+00  0.0000E+00  0.0000E+00   0.1155E+01  0.9037E+01 -0.1169E+01 -0.6828E+01
            nj= 3 (z     )[ 2]   0.1481E+03  0.9752E+00  0.5385E+00 -0.1978E-01  -0.6617E+01 -0.2102E+02  0.2104E-01 -0.8582E+01
                                 0.0000E+00  0.0000E+00  0.0000E+00  0.0000E+00  -0.3753E-01 -0.3084E+01  0.1168E+01  0.7843E+01
            nj= 4 (fibre )      -0.1370E+00
            nj= 5 (imbric)      -0.7704E+00
            nj= 6 (sheet )       0.7066E+00
  Node   73 nj= 1 (x     )       0.8272E+02  0.1439E-01  0.5162E+00  0.6675E-02  -0.2814E+01 -0.2455E+02  0.3244E+01  0.3101E+02
                                -0.1670E+00  0.0000E+00  0.0000E+00  0.0000E+00  -0.9166E+01 -0.6142E+02 -0.2034E+01 -0.1559E+02
            nj= 2 (y     )       0.1330E+03 -0.1026E+00  0.4674E+00  0.4572E-02  -0.4971E+01 -0.2334E+02 -0.1960E+01 -0.9167E+01
                                 0.9565E+00  0.0000E+00  0.0000E+00  0.0000E+00   0.4488E+01  0.3840E+02  0.1123E+01  0.1382E+02
            nj= 3 (z     )       0.1451E+03  0.9946E+00 -0.7177E+00  0.2365E-01  -0.3598E+01 -0.2066E+02 -0.3341E+01 -0.4126E+02
                                -0.2392E+00  0.0000E+00  0.0000E+00  0.0000E+00  -0.3956E+01 -0.1017E+02 -0.2692E+01 -0.3162E+02
            nj= 4 (fibre )      -0.4906E+00
            nj= 5 (imbric)      -0.6441E+00
            nj= 6 (sheet )       0.8039E+00
  Node   75 nj= 1 (x     )[ 1]   0.8073E+02 -0.7276E-01 -0.1085E+00  0.8544E-02  -0.2633E+01 -0.1018E+02 -0.6019E+00  0.2040E+01
                                 0.0000E+00  0.0000E+00  0.0000E+00  0.0000E+00  -0.7584E+00 -0.4909E+01 -0.2279E+00 -0.4489E+00
  Node   75 nj= 1 (x     )[ 2]   0.8073E+02 -0.7276E-01  0.1085E+00 -0.8544E-02  -0.5035E+01 -0.2256E+02 -0.5339E+01 -0.2393E+02
                                 0.0000E+00  0.0000E+00  0.0000E+00  0.0000E+00   0.2279E+01  0.1708E+02  0.1446E+01  0.9072E+01
            nj= 2 (y     )[ 1]   0.1328E+03 -0.9230E-01 -0.9930E+00 -0.1638E-01   0.5776E-01  0.2259E+01 -0.2395E+00  0.5800E-01
                                 0.0000E+00  0.0000E+00  0.0000E+00  0.0000E+00   0.2772E+00  0.1777E+01  0.2330E+00  0.1375E+01
            nj= 2 (y     )[ 2]   0.1328E+03 -0.9230E-01  0.9930E+00  0.1638E-01   0.1506E+01  0.4981E+01  0.1923E+01  0.6710E+01
                                 0.0000E+00  0.0000E+00  0.0000E+00  0.0000E+00  -0.4114E+00 -0.2486E+01 -0.3918E+00 -0.1861E+01
            nj= 3 (z     )[ 1]   0.1482E+03  0.9931E+00 -0.4745E-01  0.3086E-02  -0.3431E+01 -0.1825E+02 -0.1652E+01 -0.6805E+01
                                 0.0000E+00  0.0000E+00  0.0000E+00  0.0000E+00  -0.2702E+00 -0.6072E+00 -0.2056E+00 -0.2726E+00
            nj= 3 (z     )[ 2]   0.1482E+03  0.9931E+00  0.4745E-01 -0.3086E-02  -0.6679E+01 -0.3756E+02 -0.7478E+01 -0.4262E+02
                                 0.0000E+00  0.0000E+00  0.0000E+00  0.0000E+00   0.9769E+00  0.5229E+01  0.9361E+00  0.4478E+01
            nj= 4 (fibre )      -0.4183E+00
            nj= 5 (imbric)      -0.4343E+00
            nj= 6 (sheet )       0.6940E+00
  Node   81 nj= 1 (x     )       0.8267E+02 -0.2015E-01  0.4226E+00  0.7231E-02  -0.1334E+02 -0.5548E+02 -0.3890E+00  0.2627E+01
                                -0.1670E+00  0.0000E+00  0.0000E+00  0.0000E+00   0.8897E+01  0.2433E+02  0.3152E+00 -0.6472E+00
            nj= 2 (y     )       0.1378E+03  0.9652E-02  0.6404E+00  0.1380E-01   0.5585E+01  0.1842E+02  0.1974E+01  0.1459E+02
                                 0.9565E+00  0.0000E+00  0.0000E+00  0.0000E+00  -0.2921E+01 -0.1306E+01 -0.1024E+01 -0.8224E+01
            nj= 3 (z     )       0.1463E+03  0.9998E+00 -0.6413E+00  0.1995E-01  -0.1954E+02 -0.1156E+03 -0.6950E+00 -0.6368E+01
                                -0.2392E+00  0.0000E+00  0.0000E+00  0.0000E+00   0.1014E+02  0.4211E+02  0.8327E+00  0.1042E+02
            nj= 4 (fibre )      -0.4173E+00
            nj= 5 (imbric)      -0.4962E+00
            nj= 6 (sheet )       0.5900E+00
  Node   83 nj= 1 (x     )       0.9394E+02  0.1030E+00  0.8444E+00  0.1701E-01  -0.1270E+01 -0.2197E+02 -0.1371E+01 -0.1244E+02
                                -0.2076E+00  0.0000E+00  0.0000E+00  0.0000E+00  -0.1199E+02 -0.1169E+03 -0.4043E+01 -0.3498E+02
            nj= 2 (y     )       0.1368E+03 -0.2251E-01  0.1808E+00 -0.1839E-02  -0.9566E+01 -0.5716E+02 -0.1615E+01 -0.1292E+02
                                 0.9760E+00  0.0000E+00  0.0000E+00  0.0000E+00   0.1046E+02  0.1200E+03 -0.1026E+01 -0.8698E+01
            nj= 3 (z     )       0.1453E+03  0.9944E+00  0.5043E+00 -0.1550E-01  -0.1274E+02 -0.7108E+02  0.3103E+01  0.2237E+02
                                 0.6501E-01  0.0000E+00  0.0000E+00  0.0000E+00  -0.4904E+01  0.2233E+02  0.6932E+01  0.4831E+02
            nj= 4 (fibre )      -0.2947E+00
            nj= 5 (imbric)      -0.7393E+00
            nj= 6 (sheet )       0.9749E+00
 
    Highest node # in region #  1 is     96
    Highest node # in all regions is     96
> exit
